SCMBranch=CSI NG
SCMRepository=SMProduct/Tools/EvaluationUtility/EvaluationUtility
SCMMainlineUUID={29cdb981-19e5-4b92-8f83-dbb6c7064e5c}
SCMBranchRepositoryID=38625
App.config;1676203351;1;1663605053;|111886|4294967295
EvaluationUtility.sln;4008479807;1;1663754736;|111888|4294967295
MainForm.resx;130054729;1;1663665519;|111891|4294967295
MainForm.cs;2935991553;6;1669223256;|111889|230106
MainForm.Designer.cs;3960568429;3;1669217931;|111890|230107
Program.cs;2987429238;4;1669111501;|111892|230108
default.pal;610635708;1;1671032471;|111981|229740
EvaluationUtility.csproj;1179901847;5;1700413708;|111887|251330
